13
id1 -138 -138
id2 -72 -72
id3 -74 -74
id4 -63 -63
id5 24 24
id6 49 49
id7 42 42
id8 -25 -25
id9 -25 -25
id10 -68 -68
id11 -79 -79
id12 -131 -131
id13 -200 -200
0 1 0 0 0 0 0 0 0 0 0 0 1 
1 0 1 0 0 0 0 0 0 0 0 0 0 
0 1 0 1 0 0 0 0 0 0 0 0 0 
0 0 1 0 1 0 0 0 0 0 0 0 0 
0 0 0 1 0 1 0 0 0 0 0 0 0 
0 0 0 0 1 0 1 0 0 0 0 0 0 
0 0 0 0 0 1 0 0 1 0 0 0 0 
0 0 0 0 0 0 0 0 0 0 0 0 0 
0 0 0 0 0 0 1 0 1 1 0 0 0 
0 0 0 0 0 0 0 0 1 0 1 0 0 
0 0 0 0 0 0 0 0 0 1 0 1 0 
0 0 0 0 0 0 0 0 0 0 1 0 1 
1 0 0 0 0 0 0 0 0 0 0 1 0 
