14
E -10 0
F -12 10
G -12 12
H -10 2
L -2 2
M 0 12
N 0 10
A -2 0
D -8 10
I -8 12
K -4 12
B -4 10
C -6 0
J -6 2
0 1 0 1 0 0 0 0 1 0 0 0 0 0 
1 0 1 0 0 0 0 0 0 0 0 0 0 0 
0 1 0 1 0 0 0 0 0 0 0 0 0 0 
1 0 1 0 0 0 0 0 0 1 0 0 0 0 
0 0 0 0 0 1 0 1 0 0 1 0 0 0 
0 0 0 0 1 0 1 0 0 0 0 0 0 0 
0 0 0 0 0 1 0 1 0 0 0 0 0 0 
0 0 0 0 1 0 1 0 0 0 0 1 0 0 
1 0 0 0 0 0 0 0 0 1 0 0 1 0 
0 0 0 1 0 0 0 0 1 0 0 0 0 1 
0 0 0 0 1 0 0 0 0 0 0 1 0 1 
0 0 0 0 0 0 0 1 0 0 1 0 1 0 
0 0 0 0 0 0 0 0 1 0 0 1 0 1 
0 0 0 0 0 0 0 0 0 1 1 0 1 0 
